0 0.28250000969633243 0.6244263892857542 0.0040844705186403015 0.00774754042576312
0 0.28265209104543076 0.6351438202080598 0.0038672114484999296 0.007661456643254567
0 0.41805799811637406 0.44052247877959544 0.005362822887346823 0.008957878407832211
0 0.4181894398538091 0.45250103711565026 0.005099939412476857 0.009582846668843814
0 0.5778116020393073 0.4299676299684023 0.005310246192372645 0.011041105944537435
0 0.5780481971666902 0.44340444758015074 0.005047362717502822 0.009791169422514371
0 0.7192230751633754 0.6234261728104702 0.003950164911644406 0.007982314378058786
0 0.7193415801107257 0.6346170645365725 0.003713155016945677 0.008138830346256185
0 0.7130015654275362 0.6118048621718257 0.003199633578432071 0.008060572362157572
0 0.7131793228485601 0.6233870438184206 0.003160131929315679 0.007904056393960277
0 0.4706519958873534 0.6565405730418439 0.0022258630230903974 0.004762506921102698
