0 0.4657718499436325 0.5801264070047892 0.0046186523466849394 0.009011521516902548
0 0.466051768267674 0.589969761277098 0.0044786931846641665 0.008734243931767053
0 0.49880221218053095 0.5663318471443001 0.004198774860622692 0.008595605139199308
0 0.498837201971036 0.5760365626240413 0.004408713603653851 0.00887288272433473
0 0.5475289087070891 0.6588474995295449 0.00305900770757745 0.0060602982885967546
0 0.5476006042002355 0.6664702184706708 0.0032023986938702364 0.006154990449356319
0 0.590674730715611 0.6617319174384352 0.0030536544440892045 0.0063017632985331315
0 0.5908019663174481 0.6692310157636895 0.00318089004592629 0.006679869096444975
0 0.6925576062956976 0.6608308719777025 0.0030850787959943206 0.006111948558101972
0 0.6927096876447959 0.6694392502285504 0.002867819725853877 0.005939780993085009
0 0.3356899154248779 0.6610807620221947 0.0026814114436733406 0.0055205529722687175
0 0.3357424921198519 0.6691011880385096 0.0027865648336213413 0.005103907464927602
