0 0.4055761424060653 0.6696904429414152 0.003250292381291941 0.006312161068149548
0 0.4057044434211161 0.6785867837734333 0.003121991366240805 0.006312167340431505
0 0.4493174906082143 0.5754741335436446 0.0034153730206576073 0.006258832162855652
0 0.44967325863119967 0.5853134687906564 0.0032730658114638474 0.005976902786150477
0 0.4963871415987334 0.5684165107680962 0.003341674321388777 0.006652126540535473
0 0.496700423566363 0.5781082453690197 0.003164951160160925 0.00579276091089703
0 0.5607049707271236 0.5756866801739102 0.0032269649240097963 0.005969404488939903
0 0.560598053214581 0.5667325658377347 0.003324162662684813 0.005776846732570391
0 0.6065909226554765 0.5727593243469964 0.0031103276375996814 0.005545772863267615
0 0.6067464390373566 0.5821178160537603 0.00291593216024971 0.0055457728632676865
0 0.614638895417766 0.57347180211068 0.0026048993964897706 0.0055072605517170106
