0 0.35519037992921965 0.5772127171575325 0.00926126156715725 0.01768301582932955
0 0.3548883822694207 0.552483101569428 0.008791487429692778 0.01741709773807045
0 0.7468176685817751 0.5791778474056789 0.008269073579926046 0.01638213429848501
0 0.7461874038272085 0.5552539449678914 0.008218652399561262 0.0166817999567435
0 0.5852236196832148 0.3414360735331881 0.010316173502762212 0.019338901027698016
0 0.5849463031912053 0.31391110157097585 0.010205246905958611 0.018789504497491234
0 0.6692554486754421 0.3574858366679839 0.008823706563946094 0.016482017921333483
0 0.7003280702520425 0.6404242668949475 0.0029315285093977454 0.00665353329024298
0 0.7007692226005438 0.6618227072825728 0.0030738357185917664 0.006597146023500627
0 0.6501716865262149 0.6719768429846549 0.002488262110080189 0.005237674370863774
0 0.6499578515011296 0.6559557213796594 0.0026048993964899124 0.005083625124662063
