0 0.41784386222730857 0.3891265596618219 0.009630967828385692 0.01725338977686505
0 0.41861229051148824 0.4141947201023259 0.009938339142057585 0.0182682950578571
0 0.5002706028436518 0.3471094810287504 0.009938339142057516 0.018877238226452348
0 0.5005267456050457 0.37319254675024643 0.009630967828385632 0.017050408720667
0 0.6204217016499393 0.5851677169404805 0.006438121452954704 0.01122974219798607
0 0.6208765689265068 0.6031907599742854 0.0059482643858821405 0.011507019783121493
0 0.7261251325835927 0.5934026771804776 0.006018243966892385 0.011507019783121564
0 0.7263000815361187 0.6107325262514437 0.006228182709923686 0.012061574953392551
0 0.6295813026216756 0.6391742745467135 0.003387011720902393 0.006252609544804528
0 0.12463380657999508 0.6135399276158238 0.005552098989253089 0.010541131335728053
0 0.12448922066881662 0.6287214482895627 0.005262927166896176 0.009739088734096697
0 0.5774462486407255 0.654322889476403 0.0020513839030734003 0.0038873640821164204
