0 0.5091705043188282 0.46166179517587275 0.00538842773779901 0.011285197715013143
0 0.5093629481666067 0.47401451159365743 0.0051574951204648245 0.010675187027715152
0 0.5659029506439414 0.45144411616363117 0.004772607424907704 0.009760170996768167
0 0.5661723720308314 0.4635680785736791 0.004695629885796464 0.009607668324943646
0 0.5746783901026427 0.4768358110224108 0.004464697268461994 0.009912673668592616
0 0.6352411296864166 0.6281950868121462 0.0036277919532050618 0.008124587393150194
0 0.6353462830763648 0.6391320313798483 0.003732945343153134 0.008124587393150052
0 0.5941609379721469 0.6835905154832167 0.0016249978652707142 0.0036839817389089547
0 0.593951531030746 0.6735010519820608 0.0016752555312069717 0.003352091492160554
0 0.5938928970871536 0.6680912409600595 0.0016249978652708563 0.003219335393460909
