0 0.6571486598452458 0.633542191166175 0.004602215145336003 0.00893152265402108
0 0.655896356404338 0.6053210605579835 0.00422652411306359 0.008311278025269644
0 0.65594227142358 0.5461294205307071 0.005234628382994231 0.009688221101097839
0 0.6546323093000457 0.5171810952687004 0.005009213763630807 0.009303672492354602
0 0.5860831643444692 0.3787120840415332 0.006489205913027902 0.010988011947555734
0 0.586249554239675 0.3965676034563112 0.006267352719420174 0.011317652305982336
0 0.5866100656792876 0.4153021638268936 0.0062118894210181 0.012526333620213492
0 0.32013173533108324 0.4558028142934394 0.007650607381564676 0.015023908735892846
0 0.320903507128346 0.47601196012589386 0.008120381519029126 0.015289830108003076
0 0.32167527892560943 0.4962875949136108 0.008187492110095498 0.01595459334785076
0 0.32549881631035765 0.578232835366175 0.008187492110095536 0.015156868601735233
0 0.32741146815574873 0.6209778525045971 0.008120381519029022 0.015821638403285262
