0 0.5282583462883291 0.5902742423157834 0.001939895647471772 0.003710665714747492
0 0.5282026021605282 0.5960169392552735 0.0020959792053143645 0.004240760816854348
0 0.554390309933631 0.5894517347530084 0.002063914814446903 0.0038698402770879882
0 0.5544732350824257 0.595073955532929 0.0020823426252902523 0.004161903694226723
0 0.5584167866028873 0.594818400042933 0.0020454870036037574 0.004453967111365909
0 0.5886279580859076 0.6686201811815172 0.002046903636033832 0.003912899204930938
0 0.5886818239710664 0.6739915246355588 0.0019391718657163182 0.0035571810953916837
0 0.5297942760530726 0.6844731303697279 0.0012709661138607942 0.0024296025513227447
0 0.5298388713553134 0.6880733596048699 0.0013155614161014738 0.0024737771431649945
0 0.5913573753294813 0.6806178879964631 0.0011726788718448944 0.0024559878259393032
0 0.5914830194943218 0.6841857081490099 0.0012229365377811518 0.002821067097362544
