0 0.40560624215972046 0.6697734494732464 0.0033253726861696936 0.006722148925172889
0 0.4058286347388031 0.6785612587452172 0.002915932160249923 0.0060219250788006206
0 0.44935874793362257 0.57580060247214 0.0031006881924421853 0.005633619127630638
0 0.44964793128835795 0.5852058818631836 0.00290789928928497 0.005538134057670732
0 0.49677384300754446 0.577847631623192 0.0030916079348637026 0.005823165238406389
0 0.49639310311408835 0.5684943610330057 0.0032134447007697298 0.005883508919633632
0 0.560577532857985 0.5756368694298308 0.0031216711568509935 0.005786871531332381
0 0.5602319192656192 0.5569510170805665 0.003233159412452835 0.006493665000808022
0 0.6063926361770935 0.5641186425032028 0.003016872196585325 0.0062197825313862155
0 0.6066992288799985 0.5823163656126102 0.0028942351154233135 0.0054909017659895195
0 0.614609320614948 0.5735940924533615 0.002820652866726192 0.0056366779190688025
