0 0.4371544123988709 0.646858893195227 0.004383062043177048 0.00840150307852212
0 0.4370405666315152 0.6352152095894514 0.004041524741111187 0.008457881301156362
0 0.542187785690318 0.5444887388674515 0.005094598089147339 0.00975475643400017
0 0.5419743248765269 0.5325913191704917 0.0054645968330518 0.0108824739408211
0 0.5818089723321163 0.5445746972962878 0.00452795665617451 0.009841898241345532
0 0.621310035908196 0.6326226914169422 0.004586761288072907 0.008248181764764056
0 0.6214394060983724 0.6442726656609592 0.004375064613238848 0.008154981970811832
0 0.6395537306473066 0.6611000469547398 0.0023804114992459803 0.004767169460651672
0 0.6397995340086418 0.6751452559033265 0.002302789385140116 0.004664649687304206
0 0.6149333310138287 0.6685084522050769 0.0019252335370363483 0.003840446339982577
0 0.6150491986051481 0.6800512864314876 0.0019517884823747522 0.003472184362176023
