0 0.8075382134137095 0.5712357261954806 0.006467020593667172 0.013899835113657843
0 0.8072636700866198 0.5925085173259483 0.0064060109654249684 0.013899835113657914
0 0.6782620996316527 0.25426221423931517 0.009529703931422518 0.020209151573944338
0 0.678698318473584 0.227338837964817 0.009194150976090896 0.019012557072855537
0 0.5173165194852644 0.21544132698722826 0.010200809842086187 0.01834778235002844
0 0.5174842959629302 0.24641982907097187 0.009596814522489009 0.019943241684813522
0 0.528498956625263 0.6299378872316295 0.00288677283864736 0.005846168893361181
0 0.5285737988840428 0.6402322281090699 0.0028653893361387617 0.006015623064183302
0 0.27220647121773106 0.6399512813434903 0.002394952280951856 0.004744716783017821
0 0.27208886195393434 0.6546937931596294 0.0023735687784432894 0.004914168863079284
