0 0.8073282275158101 0.5921830674826603 0.006322816017821964 0.01450417577077353
0 0.8077442022538246 0.572239825797847 0.006045499525812239 0.012636213739688889
0 0.6779457631974617 0.2553391900850393 0.00952299287231611 0.019158807511877568
0 0.6787578013493646 0.2279903579879317 0.009522992872315967 0.018281304877745656
0 0.517347677668228 0.2160880962248298 0.010005579031711332 0.01909717073003574
0 0.5173171728541068 0.18822799491439463 0.009578511634016351 0.016800670267812592
0 0.27203618561685367 0.6399522999649424 0.0025018697934944003 0.005210715752778441
0 0.2723355546519727 0.6549489940826951 0.002501869793494329 0.005295442838189501
0 0.5285892050496511 0.6302289058526812 0.00313075860226931 0.006636617527640709
0 0.5286361664286853 0.6205530896441583 0.0029742206721558822 0.005892323973138855
