0 0.6318369121142513 0.5903218724074656 0.007287129923394607 0.013863879256773038
0 0.6320971667543724 0.6083105421869152 0.006766620643152095 0.013863879256772975
0 0.5345838999235534 0.4101521720506357 0.006519510176774543 0.013853463119089509
0 0.5346890533135015 0.427963767489465 0.006624663566722475 0.015520045148453575
0 0.3109901574616459 0.459895303817854 0.004889632632580856 0.009687008045679093
0 0.31117417589405477 0.4741654124442844 0.00473190254765889 0.009687008045679022
0 0.3113581943264638 0.4882271983170443 0.004784479242632926 0.010103653553020066
0 0.2696930594767 0.6352172277268336 0.004171374146696607 0.00774754042576312
0 0.26991031854684056 0.6467524545829697 0.004258277774752735 0.007919707990780012
0 0.2702362071520512 0.6591485192641906 0.003954115076556128 0.006886702600678234
