0 0.4529661654258054 0.5253324631847588 0.0058425952185564255 0.009897423401410137
0 0.4531778536583619 0.5390882041833289 0.005757919925533841 0.010903941035452008
0 0.49996095305332466 0.504950481095414 0.005673244632511398 0.010400682218431071
0 0.4999186154068134 0.519377233850012 0.005419218753443644 0.01006517634041714
0 0.5691064384807443 0.6376737269819064 0.003371743448681812 0.006553833830474503
0 0.5692972918835 0.6485127598553834 0.003498979050518969 0.006805904362415731
0 0.6312320715024612 0.6410610081322221 0.003522638563257132 0.00760378050897387
0 0.6313635132398961 0.6521021140767596 0.003575215258231239 0.00760378050897387
0 0.5913901758722097 0.6602291691077792 0.0028010260282569986 0.004695479045916926
0 0.2680945246767582 0.6418604987670393 0.0036341517187128856 0.007434508489368525
0 0.26831178374689857 0.6530122615010923 0.003357640174897673 0.007043218568875462
