0 0.40556469548437735 0.669836300567483 0.002969325706024648 0.0057391477060762955
0 0.40582420972291106 0.6788754598272998 0.0026917058229408465 0.005547839537045437
0 0.4493987724711338 0.5756774798560198 0.003127999953722593 0.0057418355402517555
0 0.4496638572129747 0.5850779849935663 0.0030926553214771246 0.006056936271119113
0 0.4967349549631534 0.5782874525341988 0.002809898263513484 0.005496758921922667
0 0.4964610340632506 0.5687118879792569 0.0031103276375995283 0.005951908741818716
0 0.5605521161775862 0.5668183915470153 0.0033047231149497948 0.006231992232712144
0 0.560278195277684 0.5574353920056283 0.0031103276375998943 0.006091947463437748
0 0.6065619098424011 0.5642521029176893 0.002809898263513153 0.005006603093413023
0 0.6067199080839867 0.5733295320811475 0.0031203919618825525 0.0061026270607942475
0 0.6147307646879391 0.5736608128580517 0.0031649511601607324 0.006206527583865132
0 0.6504358082897886 0.6594915456254595 0.0033857555306499878 0.006391975757642285
0 0.6501702588364041 0.6506006491418548 0.0031202060772656088 0.006391976082191619
0 0.6387905522599404 0.6720084670858552 0.001299953060317236 0.002332418449269795
0 0.6146187835629089 0.6749725821984689 0.0011773159791552245 0.0025267866533756943
