0 0.37962618590626945 0.6406322535432493 0.002607108841685246 0.005251110733017228
0 0.37969136362731165 0.6471315791226395 0.0027374642837695974 0.00533719451552571
0 0.46242402505456986 0.5416950346250968 0.0029231220346169094 0.005478058886903127
0 0.4625030283528028 0.5488947691621696 0.0027651154381511133 0.005008510982311378
0 0.5514288341993435 0.5376216905247634 0.0026932942579394135 0.005478058886903127
0 0.5515186106746082 0.5444514782279154 0.002729204848045299 0.0056203461307188
0 0.6373481800565923 0.6428323844364371 0.001643336887570817 0.004421876643407522
0 0.6373236526403601 0.6497324556821934 0.0014471175577115503 0.004519060745460308
0 0.6340737699895669 0.6361509774202991 0.0014716449739441374 0.004178916388275056
0 0.6337917047028941 0.6435126731508072 0.0016433368875709603 0.004519060745460016
0 0.4858513038803723 0.6479243475272511 0.0018640836336625455 0.003304259469799007
