0 0.40581957303120175 0.6788618770726614 0.003160131929315568 0.0057626333745345445
0 0.4495683539114207 0.584999297300239 0.003059016599983977 0.005914284197059061
0 0.4967271164342327 0.5778200833942653 0.0033892429702954275 0.006405315817123736
0 0.5606136656586774 0.5662167638217824 0.0035676241792583596 0.006449490408965772
0 0.5606359633097978 0.5757584756597045 0.0031216711568509935 0.005654347755805844
0 0.6065291433672365 0.5731576699367892 0.003156678469110048 0.006200345710975767
0 0.6066640441565149 0.5823512859909944 0.0030487578376875747 0.006307248223233941
0 0.614623190723929 0.5735585543577574 0.002940837206264888 0.005719284405813881
0 0.6503407067213793 0.6593824238993053 0.0032349209268912205 0.005820841792459106
0 0.6504445803291236 0.668054890206252 0.002967817364120577 0.005526859883748898
0 0.6661591732721419 0.6731701754178071 0.0018697249393959225 0.0036453756680046466
0 0.6389862021517903 0.6721751479395075 0.001566363921678473 0.0032492055156683364
0 0.6389585604355266 0.6805719711822469 0.001437369245775865 0.002811110389960783
0 0.6147044555016161 0.6751576372937117 0.0011906774849899905 0.0025783209251540027
0 0.6147332906643835 0.6823313489758707 0.0012599029201638245 0.0024686051411048028
0 0.6662112575644852 0.6782931464047948 0.0014222680317534753 0.0029174424394875585
