0 0.5935181201784304 0.6763387693645825 0.0017351001284131229 0.0033101490919410993
0 0.5937992706622011 0.6867784703468587 0.0017511658703428168 0.0036920893717807247
0 0.581364386408574 0.6796011759215443 0.001783297354202707 0.003214664021981405
0 0.5814607808601524 0.6885449441411156 0.0015262454833263207 0.003023693882061593
0 0.5673470347973514 0.6726889376796925 0.0024462726869723212 0.004520190006678603
0 0.5672529473863139 0.6651164544210811 0.0022580978648975504 0.004566789903654751
0 0.5432449310702713 0.613421974732836 0.002394952280951799 0.004575262612195772
0 0.5197770078960634 0.6142954507422388 0.002809898263513304 0.005461749025530833
0 0.519715154789634 0.6073107224104173 0.00247412425718183 0.0055667735310040755
0 0.45700837822134255 0.666915288820548 0.002093444895582053 0.004380390315750304
0 0.4571259874851393 0.6734392743971973 0.0021875323066193886 0.004473590109702457
