0 0.40552767196448175 0.6698352289784892 0.0032154342380786003 0.0062841161231189345
0 0.40531041289434133 0.6607103480325907 0.002867819725853877 0.005939780993085009
0 0.4493111395381311 0.5757966452075343 0.003237618942676974 0.006122598429333408
0 0.44900454683522595 0.566272603206349 0.003262146358909277 0.005831046123174702
0 0.4964767556525256 0.5689029124812071 0.003442668142379759 0.005997230937685174
0 0.4962838475238577 0.5588193330124522 0.0032349209268914335 0.006408805609879096
0 0.5604134977031932 0.5663440396955565 0.0032349209268914335 0.0062912128463952395
0 0.5607102794396053 0.5755750716290522 0.0029381391904793473 0.006056027319427244
0 0.6066480822726282 0.5733400426648473 0.003323955447814947 0.005997230937685174
0 0.6146908673293949 0.5736340245735575 0.002967817364120577 0.0055268598837491115
0 0.6067519558803725 0.5825416764074721 0.002997495537761878 0.005585656265490968
0 0.6502781460300255 0.6594716809809086 0.002967817364120577 0.00577273566194279
0 0.6504939872928704 0.6683980407544685 0.0028059364169867253 0.00545202812516834
0 0.6388461429237741 0.6720424607296326 0.0013244804765496809 0.0026725628064551187
0 0.6389442525887038 0.6805946617102887 0.0012263708116200434 0.0025753787044020273
0 0.6146737418825096 0.6750673940363947 0.0011879084675830854 0.0023534035678532917
0 0.6147498898612009 0.6822181202617956 0.0012792860420128018 0.0024137472490803427
