0 0.4505948520124781 0.6845440762157275 0.0019191983221865173 0.003826098470717483
0 0.45052846464913204 0.6782788399699277 0.0019795504706831223 0.004208708317789131
0 0.4818465598978852 0.6194757890992215 0.002161572550548385 0.0041955561042961165
0 0.48169320508855584 0.6132403246821471 0.0021761777704844575 0.004108751495241734
0 0.5147087991813117 0.6151608410770788 0.002138350250849896 0.00423635427055153
0 0.514505655907481 0.6087851278998987 0.0022025007583753365 0.004193990727846142
0 0.5592511279663755 0.6073853209013136 0.0023295325798140735 0.004519626644765822
0 0.5593957196437431 0.6133053952388237 0.0021046121927974326 0.0040740296516198525
0 0.5922453765218556 0.6174777034130784 0.0020314533183901063 0.004261317171761476
0 0.5922852089398631 0.6109410562279572 0.0021111181544053183 0.004024577328885854
0 0.5979214960879439 0.6106517062329108 0.002044730791058567 0.004235009499280474
